Define CharList
 ( 'A', 'B', 'C', 'D', 'E', 'F', 'G', 'H', 'I', 'J', 'K', 'L', 'M', 'N', 'O', 'P',
   'Q', 'R', 'S', 'T', 'U', 'V', 'W', 'X', 'Y', 'Z', 'a', 'b', 'c', 'd', 'e', 'f',
   'g', 'h', 'i', 'j', 'k', 'l', 'm', 'n', 'o', 'p', 'q', 'r', 's', 't', 'u', 'v',
   'w', 'x', 'y', 'z', '0', '1', '2', '3', '4', '5', '6', '7', '8', '9', '~', '`',
   '!', '@', '#', '$', '%', '^', '&', '*', '(', ')', '-', '_', '=', '+', '[', '{',
   ']', '}', ';', ':',"'", '"', ',', '<', '.', '>', '/', '?', '¡', '¢', '£', '¥',
   '§', '©', '®', '¿', 'À', 'Á', 'Â', 'Ã', 'Ä', 'Å', 'Æ', 'Ç', 'È', 'É', 'Ê', 'Ë',
   'Ì', 'Í', 'Î', 'Ï', 'Ð', 'Ñ', 'Ò', 'Ó', 'Ô', 'Õ', 'Ö', 'Ø', 'Ù', 'Ú', 'Û', 'Ü',
   'Ý', 'ß', 'à', 'á', 'â', 'ã', 'ä', 'å', 'æ', 'ç', 'è', 'é', 'ê', 'ë', 'ì', 'í',
   'î', 'ï', 'ð', 'ñ', 'ò', 'ó', 'ô', 'õ', 'ö', 'ø', 'ù', 'ú', 'û', 'ü', 'ý', 'ÿ', '€');

Define WidthList
 (   8,   8,   8,   8,   7,   7,   8,   8,   4,   6,   8,   7,  10,   8,   8,   8,
     8,   8,   7,   8,   8,   9,  10,   8,   8,   8,   7,   7,   7,   7,   7,   6,
     7,   7,   4,   4,   8,   4,  10,   7,   7,   7,   7,   6,   7,   6,   7,   7,
    10,   8,   7,   8,  10,   7,   8,   8,   8,   8,   8,   8,   8,   8,   6,   3,
     4,  11,   9,  10,  13,   5,   9,  10,   5,   5,   8,   8,   8,   8,   5,   6,
     5,   6,   4,   4,   3,   6,   5,   7,   4,   7,   6,   8,   4,   8,   8,   8,
     7,  11,  11,   8,   8,   8,   8,   8,   8,   8,  11,   8,   7,   7,   7,   7,
     4,   4,   4,   4,   9,   8,   8,   8,   8,   8,   8,  12,   8,   8,   8,   8,
     8,   8,   7,   7,   7,   7,   7,   7,  10,   7,   7,   7,   7,   7,   4,   4,
     4,   4,   8,   7,   7,   7,   7,   7,   7,  10,   7,   7,   7,   7,   7,   7,   8);

Define RectList
 ( (   0,  0,  6, 11), (   7,  0,  6, 11), (  14,  0,  6, 11), (  21,  0,  6, 11),
   (  28,  0,  5, 11), (  34,  0,  5, 11), (  40,  0,  6, 11), (  47,  0,  6, 11),
   (  54,  0,  2, 11), (  57,  0,  4, 11), (  62,  0,  6, 11), (  69,  0,  5, 11),
   (  75,  0,  8, 11), (  84,  0,  6, 11), (  91,  0,  6, 11), (  98,  0,  6, 11),
   ( 105,  0,  6, 11), ( 112,  0,  6, 11), ( 119,  0,  5, 11), ( 125,  0,  6, 11),
   ( 132,  0,  6, 11), ( 139,  0,  7, 11), ( 147,  0,  8, 11), ( 156,  0,  6, 11),
   ( 163,  0,  6, 11), ( 170,  0,  6, 11), ( 177,  0,  5, 11), ( 183,  0,  5, 11),
   ( 189,  0,  5, 11), ( 195,  0,  5, 11), ( 201,  0,  5, 11), ( 207,  0,  4, 11),
   ( 212,  0,  5, 11), ( 218,  0,  5, 11), ( 224,  0,  2, 11), ( 227,  0,  3, 11),
   ( 231,  0,  6, 11), ( 238,  0,  2, 11), ( 241,  0,  8, 11), ( 250,  0,  5, 11),
   ( 256,  0,  5, 11), ( 262,  0,  5, 11), ( 268,  0,  5, 11), ( 274,  0,  4, 11),
   ( 279,  0,  5, 11), ( 285,  0,  4, 11), ( 290,  0,  5, 11), ( 296,  0,  5, 11),
   ( 302,  0,  8, 11), ( 311,  0,  6, 11), ( 318,  0,  5, 11), ( 324,  0,  6, 11),
   ( 331,  0,  8, 11), ( 340,  0,  4, 11), ( 345,  0,  6, 11), ( 352,  0,  6, 11),
   ( 359,  0,  6, 11), ( 366,  0,  6, 11), ( 373,  0,  6, 11), ( 380,  0,  6, 11),
   ( 387,  0,  6, 11), ( 394,  0,  6, 11), ( 401,  0,  4, 11), ( 406,  0,  2, 11),
   ( 409,  0,  2, 11), ( 412,  0,  9, 11), ( 422,  0,  7, 11), ( 430,  0,  8, 11),
   ( 439,  0, 11, 11), ( 451,  0,  3, 11), ( 455,  0,  7, 11), ( 463,  0,  8, 11),
   ( 472,  0,  3, 11), ( 476,  0,  3, 11), ( 480,  0,  6, 11), ( 487,  0,  6, 11),
   ( 494,  0,  6, 11), ( 501,  0,  6, 11), ( 508,  0,  3, 11), ( 512,  0,  4, 11),
   ( 517,  0,  3, 11), ( 521,  0,  4, 11), ( 526,  0,  3, 11), ( 530,  0,  2, 11),
   ( 533,  0,  2, 11), ( 536,  0,  5, 11), ( 542,  0,  3, 11), ( 546,  0,  5, 11),
   ( 552,  0,  2, 11), ( 555,  0,  5, 11), ( 561,  0,  4, 11), ( 566,  0,  6, 11),
   ( 573,  0,  2, 11), ( 576,  0,  6, 11), ( 583,  0,  6, 11), ( 590,  0,  6, 11),
   ( 597,  0,  5, 11), ( 603,  0,  9, 11), ( 613,  0,  9, 11), ( 623,  0,  6, 11),
   ( 630,  0,  6, 11), ( 637,  0,  6, 11), ( 644,  0,  6, 11), ( 651,  0,  6, 11),
   ( 658,  0,  6, 11), ( 665,  0,  6, 11), ( 672,  0,  9, 11), ( 682,  0,  6, 11),
   ( 689,  0,  5, 11), ( 695,  0,  5, 11), ( 701,  0,  5, 11), ( 707,  0,  5, 11),
   ( 713,  0,  2, 11), ( 716,  0,  2, 11), ( 719,  0,  4, 11), ( 724,  0,  4, 11),
   ( 729,  0,  7, 11), ( 737,  0,  6, 11), ( 744,  0,  6, 11), ( 751,  0,  6, 11),
   ( 758,  0,  6, 11), ( 765,  0,  6, 11), ( 772,  0,  6, 11), ( 779,  0, 10, 11),
   ( 790,  0,  6, 11), ( 797,  0,  6, 11), ( 804,  0,  6, 11), ( 811,  0,  6, 11),
   ( 818,  0,  6, 11), ( 825,  0,  6, 11), ( 832,  0,  5, 11), ( 838,  0,  5, 11),
   ( 844,  0,  5, 11), ( 850,  0,  5, 11), ( 856,  0,  5, 11), ( 862,  0,  5, 11),
   ( 868,  0,  8, 11), ( 877,  0,  5, 11), ( 883,  0,  5, 11), ( 889,  0,  5, 11),
   ( 895,  0,  5, 11), ( 901,  0,  5, 11), ( 907,  0,  2, 11), ( 910,  0,  2, 11),
   ( 913,  0,  4, 11), ( 918,  0,  4, 11), ( 923,  0,  6, 11), ( 930,  0,  5, 11),
   ( 936,  0,  5, 11), ( 942,  0,  5, 11), ( 948,  0,  5, 11), ( 954,  0,  5, 11),
   ( 960,  0,  5, 11), ( 966,  0,  8, 11), ( 975,  0,  5, 11), ( 981,  0,  5, 11),
   ( 987,  0,  5, 11), ( 993,  0,  5, 11), ( 999,  0,  5, 11), (1005,  0,  5, 11), (1011,  0,  7, 11));

Define OffsetList
 ( ( 1, 0), ( 1, 0), ( 1, 0), ( 1, 0), ( 1, 0), ( 1, 0), ( 1, 0), ( 1, 0),
   ( 1, 0), ( 1, 0), ( 1, 0), ( 1, 0), ( 1, 0), ( 1, 0), ( 1, 0), ( 1, 0),
   ( 1, 0), ( 1, 0), ( 1, 0), ( 1, 0), ( 1, 0), ( 1, 0), ( 1, 0), ( 1, 0),
   ( 1, 0), ( 1, 0), ( 1, 0), ( 1, 0), ( 1, 0), ( 1, 0), ( 1, 0), ( 1, 0),
   ( 1, 0), ( 1, 0), ( 1, 0), ( 0, 0), ( 1, 0), ( 1, 0), ( 1, 0), ( 1, 0),
   ( 1, 0), ( 1, 0), ( 1, 0), ( 1, 0), ( 1, 0), ( 1, 0), ( 1, 0), ( 1, 0),
   ( 1, 0), ( 1, 0), ( 1, 0), ( 1, 0), ( 1, 0), ( 1, 0), ( 1, 0), ( 1, 0),
   ( 1, 0), ( 1, 0), ( 1, 0), ( 1, 0), ( 1, 0), ( 1, 0), ( 1, 0), ( 0, 0),
   ( 1, 0), ( 1, 0), ( 1, 0), ( 1, 0), ( 1, 0), ( 1, 0), ( 1, 0), ( 1, 0),
   ( 1, 0), ( 1, 0), ( 1, 0), ( 1, 0), ( 1, 0), ( 1, 0), ( 1, 0), ( 1, 0),
   ( 1, 0), ( 1, 0), ( 0, 0), ( 1, 0), ( 0, 0), ( 0, 0), ( 1, 0), ( 1, 0),
   ( 1, 0), ( 1, 0), ( 1, 0), ( 1, 0), ( 1, 0), ( 1, 0), ( 1, 0), ( 1, 0),
   ( 1, 0), ( 1, 0), ( 1, 0), ( 1, 0), ( 1, 0), ( 1, 0), ( 1, 0), ( 1, 0),
   ( 1, 0), ( 1, 0), ( 1, 0), ( 1, 0), ( 1, 0), ( 1, 0), ( 1, 0), ( 1, 0),
   ( 1, 0), ( 1, 0), ( 0, 0), ( 0, 0), ( 1, 0), ( 1, 0), ( 1, 0), ( 1, 0),
   ( 1, 0), ( 1, 0), ( 1, 0), ( 1, 0), ( 1, 0), ( 1, 0), ( 1, 0), ( 1, 0),
   ( 1, 0), ( 1, 0), ( 1, 0), ( 1, 0), ( 1, 0), ( 1, 0), ( 1, 0), ( 1, 0),
   ( 1, 0), ( 1, 0), ( 1, 0), ( 1, 0), ( 1, 0), ( 1, 0), ( 1, 0), ( 1, 0),
   ( 0, 0), ( 0, 0), ( 1, 0), ( 1, 0), ( 1, 0), ( 1, 0), ( 1, 0), ( 1, 0),
   ( 1, 0), ( 1, 0), ( 1, 0), ( 1, 0), ( 1, 0), ( 1, 0), ( 1, 0), ( 1, 0), ( 1, 0));

CreateLayer               Main;
LayerSetImage             Main 'Pix118Bold';
LayerSetAscent            Main 9;
LayerSetCharWidths        Main CharList WidthList;
LayerSetCharWidths        Main (' ') (4);
LayerSetCharWidths        Main (' ') (4);
LayerSetImageMap          Main CharList RectList;
LayerSetCharOffsets       Main CharList OffsetList;
LayerSetAscentPadding     Main 0;
LayerSetLineSpacingOffset Main 0;
LayerSetPointSize         Main 8;

SetDefaultPointSize  8;
